(41, 44) -> [27]
(42, 44) -> [27]
(43, 44) -> [27]
(44, 44) -> [27]
(45, 44) -> [27]
(46, 44) -> [27]
(47, 44) -> [27]
(48, 44) -> [27]
(49, 44) -> [27, 28]
(50, 44) -> [28]
(51, 44) -> [28]
(52, 44) -> [28]
(53, 44) -> [28]
(54, 44) -> [28]
(55, 44) -> [28]
(56, 44) -> [28]
(57, 44) -> [28]
(58, 44) -> [28]
(41, 45) -> [27]
(58, 45) -> [28]
(41, 46) -> [27]
(58, 46) -> [28]
(41, 47) -> [27]
(58, 47) -> [28]
(41, 48) -> [27]
(58, 48) -> [28]
(41, 49) -> [27, 35]
(50, 49) -> [28, 36]
(51, 49) -> [28, 36]
(52, 49) -> [28, 36]
(53, 49) -> [28, 36]
(54, 49) -> [28, 36]
(58, 49) -> [28, 36]
(41, 50) -> [35]
(50, 50) -> [36]
(51, 50) -> [36]
(52, 50) -> [36]
(53, 50) -> [36]
(54, 50) -> [36]
(58, 50) -> [36]
(41, 51) -> [35]
(50, 51) -> [36]
(51, 51) -> [36]
(52, 51) -> [36]
(53, 51) -> [36]
(54, 51) -> [36]
(57, 51) -> [36]
(58, 51) -> [36]
(41, 52) -> [35]
(46, 52) -> [35]
(47, 52) -> [35]
(48, 52) -> [35]
(49, 52) -> [35, 36]
(50, 52) -> [36]
(51, 52) -> [36]
(52, 52) -> [36]
(53, 52) -> [36]
(54, 52) -> [36]
(58, 52) -> [36]
(41, 53) -> [35]
(42, 53) -> [35]
(43, 53) -> [35]
(44, 53) -> [35]
(45, 53) -> [35]
(46, 53) -> [35]
(47, 53) -> [35]
(48, 53) -> [35]
(49, 53) -> [35, 36]
(50, 53) -> [36]
(51, 53) -> [36]
(52, 53) -> [36]
(53, 53) -> [36]
(54, 53) -> [36]
(58, 53) -> [36]
(41, 54) -> [35]
(56, 54) -> [36]
(57, 54) -> [36]
(58, 54) -> [36]
(41, 55) -> [35]
(58, 55) -> [36]
(41, 56) -> [35]
(42, 56) -> [35]
(43, 56) -> [35]
(44, 56) -> [35]
(45, 56) -> [35]
(46, 56) -> [35]
(47, 56) -> [35]
(48, 56) -> [35]
(49, 56) -> [35, 36]
(50, 56) -> [36]
(51, 56) -> [36]
(52, 56) -> [36]
(53, 56) -> [36]
(54, 56) -> [36]
(55, 56) -> [36]
(56, 56) -> [36]
(57, 56) -> [36]
(58, 56) -> [36]

35:	28
27:	14
28:	20
36:	47
